pab8_pap	tad5_tat	taz4_tas	tad1_tat	tad3_tat	tad9_tad	taz7_tas	tag2_tak	pab_pap	tag7_tag	tad8_tat	tag8_tag	tag10_tag	tad2_tat	taz6_tas	pab4_pap	tad10_tad	taz1_tas	tag3_tak	tag6_tak	pab7_pap	tag4_tak	tad6_tat	taz_tas	tag_tak
10	10	10
9.9993	10	10	10	10	10	10	10
9.9984	10	10	10	9.9991	10	10	10	10	10
9.9972	9.9974	9.9966	10	9.998800000000001	10	10	10	10	9.9988	9.999500000000001
9.995899999999999	9.9974	9.9966	10	9.9976	10	10	10	10	9.9988	9.999500000000001	10	10
9.995899999999999	9.9974	9.9966	9.9957	9.9976	10	10	9.9964	10	9.9988	9.999500000000001	10	9.9992	10	10
9.995899999999999	9.994000000000002	9.993500000000001	9.9957	9.9953	10	10	9.9964	10	9.9988	9.999500000000001	10	9.9992	10	10	10
9.995899999999999	9.994000000000002	9.993500000000001	9.9957	9.9953	10	10	9.9964	10	9.9988	9.999500000000001	10	9.9992	10	10	10	9.9999	10	10	10
9.991699999999998	9.992300000000002	9.993500000000001	9.9957	9.9929	10	9.9936	9.9964	10	9.9941	9.999500000000001	10	9.9992	10	10	10	9.9999	10	10	10	10	10
9.991699999999998	9.992300000000002	9.993500000000001	9.9957	9.9929	10	9.9936	9.9964	10	9.9941	9.999500000000001	10	9.9992	10	10	9.9977	9.9999	10	10	10	10	10	10	9.9994	10